0 0.7078125000000001 0.2739583333333333 0.146875 0.21875
0 0.7781250000000001 0.7302083333333333 0.171875 0.21875
0 0.7578125 0.8447916666666666 0.171875 0.21875
0 0.525 0.196875 0.171875 0.21875
0 0.44843750000000004 0.23333333333333334 0.12187500000000001 0.1875
0 0.7156250000000001 0.46249999999999997 0.15937500000000002 0.17916666666666667
0 0.8359375 0.45208333333333334 0.15937500000000002 0.17916666666666667
0 0.08125 0.5541666666666667 0.15937500000000002 0.17916666666666667
0 0.3203125 0.09270833333333334 0.15937500000000002 0.16458333333333333
0 0.9281250000000001 0.07291666666666667 0.140625 0.14166666666666666
0 0.91328125 0.3260416666666667 0.1609375 0.21875
0 0.28125 0.8958333333333334 0.15937500000000002 0.17916666666666667
0 0.44453125000000004 0.8875 0.15781250000000002 0.1875
