0 0.46015625000000004 0.3833333333333333 0.17343750000000002 0.19166666666666665
0 0.64375 0.43854166666666666 0.2 0.2604166666666667
0 0.875 0.271875 0.14375000000000002 0.18958333333333333
0 0.44843750000000004 0.17395833333333333 0.14375000000000002 0.18958333333333333
0 0.178125 0.759375 0.14375000000000002 0.18958333333333333
0 0.328125 0.9010416666666666 0.14375000000000002 0.18958333333333333
0 0.5828125000000001 0.6989583333333333 0.14375000000000002 0.18958333333333333
0 0.5015625 0.9052083333333333 0.14375000000000002 0.18958333333333333
0 0.4234375 0.703125 0.14375000000000002 0.21041666666666667
0 0.9203125000000001 0.6114583333333333 0.14375000000000002 0.21041666666666667
0 0.25625000000000003 0.16354166666666667 0.14375000000000002 0.18958333333333333
0 0.08203125 0.09479166666666666 0.1609375 0.18541666666666667
0 0.07109375 0.31875 0.1390625 0.275
