0 0.45937500000000003 0.40208333333333335 0.2 0.20833333333333334
0 0.45703125 0.08854166666666667 0.17343750000000002 0.17291666666666666
0 0.29609375 0.25 0.17343750000000002 0.175
0 0.19765625 0.196875 0.1453125 0.17291666666666666
0 0.8484375000000001 0.08333333333333333 0.15000000000000002 0.1625
0 0.23828125 0.5104166666666666 0.1453125 0.175
0 0.71015625 0.8854166666666666 0.1453125 0.175
0 0.79296875 0.8666666666666667 0.1453125 0.175
0 0.43515625 0.8729166666666667 0.1453125 0.175
0 0.8140625 0.28020833333333334 0.15625 0.22708333333333333
0 0.671875 0.07604166666666666 0.1625 0.14791666666666667
0 0.1078125 0.428125 0.15625 0.21041666666666667
