0 0.8828125 0.41770833333333335 0.17500000000000002 0.22291666666666665
0 0.7484375000000001 0.42083333333333334 0.109375 0.23333333333333334
0 0.6265625 0.5697916666666667 0.17500000000000002 0.22708333333333333
0 0.55390625 0.8 0.2109375 0.25416666666666665
0 0.06796875000000001 0.41562499999999997 0.1328125 0.18958333333333333
0 0.540625 0.2760416666666667 0.134375 0.18958333333333333
0 0.6609375000000001 0.11979166666666667 0.134375 0.18958333333333333
0 0.9390625 0.6260416666666666 0.11875000000000001 0.20625
0 0.20703125 0.10416666666666667 0.1546875 0.20416666666666666
0 0.16796875 0.28020833333333334 0.17343750000000002 0.19375
