0 0.3046875 0.6395833333333333 0.096875 0.2375
0 0.53359375 0.6708333333333333 0.1453125 0.1875
0 0.78046875 0.4895833333333333 0.1453125 0.1875
0 0.56484375 0.07604166666666666 0.1859375 0.14791666666666667
0 0.29921875000000003 0.35833333333333334 0.1453125 0.1875
0 0.37578125 0.3645833333333333 0.1453125 0.1875
0 0.36250000000000004 0.20729166666666665 0.12812500000000002 0.17291666666666666
0 0.6046875 0.9229166666666666 0.19687500000000002 0.15416666666666667
0 0.79453125 0.90625 0.1453125 0.1875
0 0.9390625 0.5 0.12187500000000001 0.19166666666666665
0 0.9109375000000001 0.159375 0.178125 0.27708333333333335
0 0.8640625000000001 0.3072916666666667 0.140625 0.17708333333333334
0 0.07109375 0.7947916666666667 0.1390625 0.17708333333333334
