0 0.359375 0.11875 0.153125 0.22083333333333333
0 0.25625000000000003 0.43333333333333335 0.153125 0.22083333333333333
0 0.4390625 0.7125 0.153125 0.22083333333333333
0 0.21640625000000002 0.8510416666666667 0.1796875 0.21458333333333332
0 0.09453125000000001 0.49166666666666664 0.1703125 0.17916666666666667
0 0.8031250000000001 0.33958333333333335 0.17500000000000002 0.21666666666666667
0 0.86328125 0.49895833333333334 0.1484375 0.18541666666666667
0 0.5546875 0.5364583333333334 0.19062500000000002 0.26458333333333334
0 0.5906250000000001 0.8385416666666666 0.15937500000000002 0.20208333333333334
0 0.7406250000000001 0.6864583333333333 0.15937500000000002 0.20208333333333334
0 0.5437500000000001 0.290625 0.1625 0.23958333333333334
0 0.2421875 0.23958333333333334 0.16562500000000002 0.19166666666666665
0 0.08359375000000001 0.3625 0.1640625 0.19166666666666665
0 0.35468750000000004 0.8468749999999999 0.14375000000000002 0.19791666666666666
