0 0.5671875000000001 0.8677083333333333 0.1625 0.23541666666666666
0 0.521875 0.371875 0.16562500000000002 0.26458333333333334
0 0.36562500000000003 0.6833333333333333 0.16562500000000002 0.19166666666666665
0 0.5640625 0.6395833333333333 0.15937500000000002 0.24583333333333332
0 0.8921875 0.425 0.15937500000000002 0.24583333333333332
0 0.70625 0.2916666666666667 0.15937500000000002 0.24583333333333332
0 0.9242187500000001 0.8239583333333333 0.15156250000000002 0.18958333333333333
0 0.10703125000000001 0.42083333333333334 0.1265625 0.19166666666666665
0 0.14296875 0.08020833333333333 0.1421875 0.15625
0 0.84765625 0.071875 0.1703125 0.13958333333333334
0 0.17500000000000002 0.9229166666666666 0.19687500000000002 0.15416666666666667
0 0.6421875 0.11875 0.134375 0.23333333333333334
0 0.07265625 0.696875 0.1421875 0.22291666666666665
