0 0.5890625 0.4666666666666667 0.1375 0.20833333333333334
0 0.56875 0.140625 0.1625 0.21458333333333332
0 0.33203125 0.19895833333333332 0.1234375 0.18541666666666667
0 0.7742187500000001 0.7020833333333333 0.1328125 0.19166666666666665
0 0.71015625 0.55625 0.1453125 0.2
0 0.7914062500000001 0.34791666666666665 0.1453125 0.2
0 0.5320312500000001 0.884375 0.16718750000000002 0.23124999999999998
0 0.05390625 0.5354166666666667 0.1046875 0.22083333333333333
0 0.39375000000000004 0.8583333333333333 0.15937500000000002 0.2375
0 0.11484375000000001 0.1375 0.1421875 0.225
