0 0.26015625000000003 0.39791666666666664 0.1703125 0.2125
0 0.19921875 0.20104166666666667 0.15156250000000002 0.21458333333333332
0 0.08828125 0.6458333333333334 0.17343750000000002 0.23333333333333334
0 0.26015625000000003 0.8322916666666667 0.17343750000000002 0.22708333333333333
0 0.27968750000000003 0.646875 0.184375 0.21875
0 0.45390625 0.24791666666666667 0.18281250000000002 0.2791666666666667
0 0.7375 0.3614583333333333 0.184375 0.21875
0 0.91328125 0.6645833333333333 0.17343750000000002 0.225
0 0.09921875000000001 0.10520833333333333 0.1953125 0.20625
0 0.88984375 0.28125 0.1484375 0.2583333333333333
