0 0.12265625000000001 0.6354166666666666 0.18281250000000002 0.20833333333333334
0 0.26484375 0.790625 0.16718750000000002 0.21041666666666667
0 0.09140625000000001 0.8572916666666667 0.16718750000000002 0.21041666666666667
0 0.41484375 0.6697916666666667 0.17343750000000002 0.27708333333333335
0 0.85859375 0.39479166666666665 0.16718750000000002 0.21041666666666667
0 0.9304687500000001 0.10625 0.1390625 0.20833333333333334
0 0.8562500000000001 0.63125 0.16875 0.24166666666666667
0 0.9242187500000001 0.8447916666666666 0.15156250000000002 0.25625
0 0.08515625 0.31666666666666665 0.16718750000000002 0.24166666666666667
0 0.290625 0.1 0.171875 0.19583333333333333
0 0.26796875000000003 0.4770833333333333 0.1703125 0.24583333333333332
0 0.6875 0.8083333333333333 0.16875 0.2916666666666667
