0 0.45390625 0.6479166666666667 0.1609375 0.19166666666666665
0 0.34296875000000004 0.096875 0.1609375 0.18958333333333333
0 0.6671875 0.3260416666666667 0.1625 0.22708333333333333
0 0.87421875 0.3645833333333333 0.1921875 0.25416666666666665
0 0.3953125 0.296875 0.17500000000000002 0.21041666666666667
0 0.08984375 0.26145833333333335 0.1703125 0.20625
0 0.6351562500000001 0.55625 0.15781250000000002 0.2375
0 0.2109375 0.46875 0.178125 0.2583333333333333
0 0.8210937500000001 0.7833333333333333 0.1796875 0.24583333333333332
0 0.24609375 0.9041666666666667 0.1609375 0.19166666666666665
