0 0.49609375 0.8697916666666666 0.1640625 0.20625
0 0.7039062500000001 0.853125 0.18281250000000002 0.23541666666666666
0 0.63984375 0.39375 0.1640625 0.16666666666666666
0 0.75390625 0.38125 0.1765625 0.21666666666666667
0 0.30859375 0.7854166666666667 0.1765625 0.21666666666666667
0 0.45546875000000003 0.503125 0.1640625 0.20625
0 0.45859375 0.29270833333333335 0.1640625 0.20625
0 0.7351562500000001 0.10416666666666667 0.1640625 0.20416666666666666
0 0.225 0.178125 0.2 0.2604166666666667
0 0.13593750000000002 0.26979166666666665 0.125 0.18125
0 0.09531250000000001 0.8520833333333333 0.15000000000000002 0.19583333333333333
0 0.05859375 0.7364583333333333 0.11406250000000001 0.20208333333333334
0 0.9109375000000001 0.21145833333333333 0.16875 0.18125
