0 0.16796875 0.6739583333333333 0.16718750000000002 0.25625
0 0.51796875 0.23020833333333332 0.16718750000000002 0.25625
0 0.3375 0.434375 0.209375 0.20625
0 0.78828125 0.5520833333333334 0.15156250000000002 0.20833333333333334
0 0.8695312500000001 0.4145833333333333 0.15156250000000002 0.20833333333333334
0 0.7640625000000001 0.17083333333333334 0.15937500000000002 0.2708333333333333
0 0.0890625 0.278125 0.17500000000000002 0.2604166666666667
0 0.18125000000000002 0.09895833333333333 0.1625 0.19375
0 0.9242187500000001 0.23958333333333334 0.15156250000000002 0.20833333333333334
0 0.9242187500000001 0.6479166666666667 0.15156250000000002 0.22083333333333333
