0 0.70859375 0.15833333333333333 0.15156250000000002 0.20416666666666666
0 0.8109375000000001 0.54375 0.16562500000000002 0.23333333333333334
0 0.8796875000000001 0.603125 0.18125000000000002 0.18125
0 0.8171875000000001 0.88125 0.215625 0.2375
0 0.30546875 0.8708333333333333 0.1609375 0.19583333333333333
0 0.14296875 0.69375 0.1609375 0.19583333333333333
0 0.53671875 0.6104166666666666 0.1609375 0.19583333333333333
0 0.43828125 0.325 0.1609375 0.19583333333333333
0 0.30546875 0.61875 0.1390625 0.17916666666666667
0 0.203125 0.47604166666666664 0.17500000000000002 0.21458333333333332
0 0.88203125 0.2 0.15156250000000002 0.20416666666666666
0 0.17421875 0.90625 0.1390625 0.17916666666666667
0 0.146875 0.096875 0.16562500000000002 0.15625
0 0.08125 0.18854166666666666 0.15937500000000002 0.19791666666666666
