0 0.60078125 0.11979166666666667 0.1703125 0.17708333333333334
0 0.44765625000000003 0.15729166666666666 0.15781250000000002 0.23124999999999998
0 0.565625 0.58125 0.134375 0.2
0 0.8445312500000001 0.425 0.16718750000000002 0.25416666666666665
0 0.5046875000000001 0.9239583333333333 0.134375 0.15208333333333332
0 0.39687500000000003 0.9239583333333333 0.134375 0.15208333333333332
0 0.93359375 0.7489583333333333 0.1328125 0.23124999999999998
0 0.7515625 0.6989583333333333 0.184375 0.21875
0 0.20546875 0.08958333333333333 0.1703125 0.175
0 0.1265625 0.121875 0.140625 0.19375
