0 0.7375 0.25416666666666665 0.13125 0.16666666666666666
0 0.8070312500000001 0.07395833333333333 0.1328125 0.14375
0 0.703125 0.06354166666666666 0.1375 0.12291666666666666
0 0.71875 0.44895833333333335 0.146875 0.20625
0 0.6023437500000001 0.140625 0.13593750000000002 0.17708333333333334
0 0.12187500000000001 0.43333333333333335 0.140625 0.20833333333333334
0 0.36250000000000004 0.4822916666666667 0.16875 0.22708333333333333
0 0.215625 0.6854166666666667 0.15625 0.21666666666666667
0 0.1703125 0.8083333333333333 0.15000000000000002 0.19583333333333333
0 0.21328125 0.13854166666666667 0.16718750000000002 0.21041666666666667
0 0.9046875000000001 0.8947916666666667 0.18125000000000002 0.21041666666666667
0 0.8445312500000001 0.3416666666666667 0.15781250000000002 0.2125
0 0.8390625 0.6125 0.12812500000000002 0.20416666666666666
