0 0.7203125 0.784375 0.140625 0.18541666666666667
0 0.4453125 0.91875 0.140625 0.1625
0 0.12578125 0.4666666666666667 0.1421875 0.21666666666666667
0 0.6875 0.3989583333333333 0.140625 0.18541666666666667
0 0.57578125 0.36666666666666664 0.2109375 0.1375
0 0.26484375 0.1 0.2015625 0.19583333333333333
0 0.89453125 0.81875 0.1484375 0.22916666666666666
0 0.9 0.20208333333333334 0.12187500000000001 0.1875
0 0.5789062500000001 0.5427083333333333 0.2015625 0.21875
0 0.78671875 0.5739583333333333 0.1328125 0.2520833333333333
0 0.36562500000000003 0.6927083333333334 0.140625 0.18541666666666667
0 0.15859375 0.7145833333333333 0.1921875 0.175
