0 0.46953125 0.13854166666666667 0.2265625 0.20625
0 0.7953125000000001 0.8520833333333333 0.17500000000000002 0.20416666666666666
0 0.8445312500000001 0.3177083333333333 0.1765625 0.23958333333333334
0 0.7796875000000001 0.4635416666666667 0.16562500000000002 0.19375
0 0.5890625 0.365625 0.16562500000000002 0.19375
0 0.7625000000000001 0.13645833333333332 0.19062500000000002 0.21458333333333332
0 0.06328125 0.14895833333333333 0.1234375 0.21041666666666667
0 0.21171875 0.10520833333333333 0.1765625 0.20625
0 0.16328125000000002 0.39166666666666666 0.1765625 0.20833333333333334
0 0.1609375 0.9229166666666666 0.178125 0.15416666666666667
0 0.07265625 0.8645833333333334 0.1421875 0.15833333333333333
0 0.375 0.37083333333333335 0.14375000000000002 0.15833333333333333
0 0.9109375000000001 0.75625 0.14375000000000002 0.15833333333333333
