0 0.81953125 0.17708333333333334 0.17343750000000002 0.1875
0 0.6742187500000001 0.21770833333333334 0.1765625 0.20625
0 0.5554687500000001 0.5677083333333334 0.1765625 0.20625
0 0.82421875 0.590625 0.15781250000000002 0.18541666666666667
0 0.92890625 0.4354166666666667 0.1421875 0.24583333333333332
0 0.721875 0.46458333333333335 0.178125 0.24166666666666667
0 0.15546875000000002 0.8322916666666667 0.1765625 0.20625
0 0.21640625000000002 0.10104166666666667 0.16718750000000002 0.19791666666666666
0 0.48515625 0.8447916666666666 0.1921875 0.22291666666666665
0 0.753125 0.8416666666666667 0.19375 0.26666666666666666
