0 0.83984375 0.8635416666666667 0.17343750000000002 0.22291666666666665
0 0.7507812500000001 0.5760416666666667 0.17343750000000002 0.22291666666666665
0 0.6351562500000001 0.859375 0.17343750000000002 0.22291666666666665
0 0.73046875 0.259375 0.1921875 0.25625
0 0.0703125 0.65 0.1375 0.25416666666666665
0 0.07500000000000001 0.284375 0.14375000000000002 0.24791666666666667
0 0.87265625 0.32708333333333334 0.1390625 0.19166666666666665
0 0.19140625 0.675 0.1328125 0.20416666666666666
0 0.1390625 0.071875 0.178125 0.13958333333333334
0 0.521875 0.18229166666666666 0.1625 0.19791666666666666
