0 0.23125 0.08333333333333333 0.20625000000000002 0.1625
0 0.5625 0.3833333333333333 0.1375 0.225
0 0.51015625 0.609375 0.1421875 0.19375
0 0.6882812500000001 0.10416666666666667 0.1421875 0.19166666666666665
0 0.7140625 0.8375 0.15000000000000002 0.19166666666666665
0 0.93671875 0.4302083333333333 0.1265625 0.19375
0 0.88203125 0.15104166666666666 0.1265625 0.19375
0 0.8359375 0.9083333333333333 0.140625 0.17083333333333334
0 0.140625 0.7322916666666667 0.1375 0.23541666666666666
0 0.22265625 0.31354166666666666 0.1484375 0.21458333333333332
0 0.36015625 0.2677083333333333 0.1421875 0.17708333333333334
0 0.24140625000000002 0.515625 0.1765625 0.21458333333333332
0 0.35859375000000004 0.653125 0.1328125 0.19375
0 0.39921875 0.7625 0.1421875 0.1875
0 0.28828125 0.825 0.16718750000000002 0.20833333333333334
