0 0.5015625 0.23958333333333334 0.19375 0.2125
0 0.34921875 0.7166666666666667 0.17343750000000002 0.225
0 0.50625 0.5072916666666667 0.14375000000000002 0.23124999999999998
0 0.7914062500000001 0.26979166666666665 0.16718750000000002 0.21875
0 0.64453125 0.45 0.1484375 0.22083333333333333
0 0.20234375000000002 0.125 0.1484375 0.22083333333333333
0 0.057031250000000006 0.628125 0.11093750000000001 0.26875
0 0.9164062500000001 0.4552083333333333 0.15781250000000002 0.24375
0 0.56875 0.7 0.134375 0.19583333333333333
0 0.15937500000000002 0.9177083333333333 0.17500000000000002 0.16458333333333333
