0 0.4890625 0.7072916666666667 0.16562500000000002 0.21458333333333332
0 0.728125 0.746875 0.15937500000000002 0.26458333333333334
0 0.66328125 0.36041666666666666 0.18281250000000002 0.22083333333333333
0 0.23593750000000002 0.29791666666666666 0.16562500000000002 0.19166666666666665
0 0.8562500000000001 0.5979166666666667 0.16875 0.2125
0 0.58125 0.09375 0.1625 0.18333333333333332
0 0.38203125000000004 0.11562499999999999 0.1640625 0.18958333333333333
0 0.9085937500000001 0.21979166666666666 0.1390625 0.18125
0 0.81171875 0.2520833333333333 0.1390625 0.18333333333333332
0 0.40703125 0.8677083333333333 0.1921875 0.21458333333333332
