0 0.055468750000000004 0.81875 0.1078125 0.2
0 0.140625 0.6739583333333333 0.16562500000000002 0.21875
0 0.278125 0.5614583333333333 0.16562500000000002 0.21875
0 0.3046875 0.8739583333333333 0.16562500000000002 0.21875
0 0.41640625000000003 0.715625 0.15156250000000002 0.19791666666666666
0 0.515625 0.88125 0.146875 0.22916666666666666
0 0.7734375 0.6333333333333333 0.178125 0.225
0 0.7296875 0.39166666666666666 0.17500000000000002 0.22916666666666666
0 0.19140625 0.21666666666666667 0.1640625 0.22916666666666666
0 0.75390625 0.14166666666666666 0.1640625 0.22916666666666666
0 0.5875 0.65 0.178125 0.225
0 0.7359375 0.9020833333333333 0.15937500000000002 0.19583333333333333
0 0.93671875 0.8010416666666667 0.1265625 0.22708333333333333
