0 0.7921875 0.61875 0.184375 0.22083333333333333
0 0.44609375 0.546875 0.1484375 0.19791666666666666
0 0.0921875 0.7145833333333333 0.1375 0.2625
0 0.4625 0.24687499999999998 0.178125 0.20208333333333334
0 0.82578125 0.14479166666666665 0.1921875 0.23541666666666666
0 0.728125 0.38125 0.16875 0.22083333333333333
0 0.6062500000000001 0.40729166666666666 0.184375 0.24375
0 0.64765625 0.9010416666666666 0.1859375 0.19791666666666666
0 0.6109375 0.64375 0.15937500000000002 0.20833333333333334
0 0.35000000000000003 0.38645833333333335 0.15625 0.19791666666666666
0 0.22968750000000002 0.21979166666666666 0.153125 0.24375
0 0.22968750000000002 0.4510416666666667 0.140625 0.2520833333333333
0 0.3375 0.08125 0.171875 0.15833333333333333
