0 0.7109375 0.5770833333333333 0.17500000000000002 0.17916666666666667
0 0.89765625 0.915625 0.1453125 0.16875
0 0.9164062500000001 0.253125 0.16718750000000002 0.24375
0 0.61328125 0.4197916666666667 0.1765625 0.18125
0 0.31171875000000004 0.8989583333333333 0.16718750000000002 0.20208333333333334
0 0.15234375 0.8447916666666666 0.16718750000000002 0.20208333333333334
0 0.140625 0.5625 0.16562500000000002 0.29583333333333334
0 0.1546875 0.23020833333333332 0.15000000000000002 0.18541666666666667
0 0.875 0.4822916666666667 0.15000000000000002 0.18541666666666667
0 0.8304687500000001 0.078125 0.2109375 0.15208333333333332
0 0.13984375000000002 0.09166666666666666 0.1765625 0.17916666666666667
0 0.4703125 0.665625 0.1625 0.22291666666666665
