0 0.12734375 0.7177083333333333 0.1796875 0.21875
0 0.19453125000000002 0.890625 0.1796875 0.21875
0 0.85546875 0.728125 0.1796875 0.21875
0 0.91015625 0.8822916666666667 0.1796875 0.21875
0 0.33515625000000004 0.6520833333333333 0.1921875 0.17916666666666667
0 0.41796875 0.759375 0.1171875 0.17708333333333334
0 0.51015625 0.7864583333333334 0.1171875 0.17708333333333334
0 0.89375 0.16354166666666667 0.20625000000000002 0.27291666666666664
0 0.53515625 0.09375 0.1796875 0.18333333333333332
0 0.14140625 0.378125 0.1796875 0.18541666666666667
0 0.87421875 0.49374999999999997 0.20468750000000002 0.2791666666666667
