0 0.68359375 0.42291666666666666 0.15156250000000002 0.1875
0 0.8578125000000001 0.8729166666666667 0.153125 0.19166666666666665
0 0.5390625 0.4270833333333333 0.15000000000000002 0.20833333333333334
0 0.6976562500000001 0.11145833333333333 0.16718750000000002 0.21041666666666667
0 0.47890625000000003 0.45208333333333334 0.1484375 0.2125
0 0.48750000000000004 0.7260416666666667 0.15625 0.2604166666666667
0 0.2484375 0.21562499999999998 0.178125 0.23124999999999998
0 0.146875 0.4010416666666667 0.178125 0.18541666666666667
0 0.12421875 0.5583333333333333 0.1421875 0.1625
0 0.40859375000000003 0.24166666666666667 0.1484375 0.225
0 0.17500000000000002 0.8468749999999999 0.1625 0.21458333333333332
