0 0.7835937500000001 0.8302083333333333 0.1921875 0.21458333333333332
0 0.5171875 0.4552083333333333 0.178125 0.16458333333333333
0 0.6101562500000001 0.653125 0.15781250000000002 0.21875
0 0.659375 0.3260416666666667 0.18125000000000002 0.22291666666666665
0 0.6804687500000001 0.09583333333333333 0.1796875 0.1875
0 0.14375000000000002 0.8864583333333333 0.1875 0.22708333333333333
0 0.08750000000000001 0.6729166666666666 0.15625 0.19583333333333333
0 0.10625000000000001 0.18958333333333333 0.19375 0.20833333333333334
0 0.23828125 0.07604166666666666 0.1703125 0.14791666666666667
0 0.40859375000000003 0.07604166666666666 0.1703125 0.14791666666666667
0 0.86875 0.265625 0.16562500000000002 0.21875
0 0.5796875 0.7364583333333333 0.16562500000000002 0.21875
0 0.34687500000000004 0.8072916666666666 0.15937500000000002 0.17708333333333334
0 0.38046875 0.225 0.1953125 0.25416666666666665
0 0.9375 0.38229166666666664 0.125 0.20208333333333334
0 0.0765625 0.37604166666666666 0.15000000000000002 0.19375
