0 0.8460937500000001 0.5322916666666666 0.2109375 0.22291666666666665
0 0.62265625 0.6052083333333333 0.1328125 0.17708333333333334
0 0.69296875 0.8041666666666667 0.15781250000000002 0.17916666666666667
0 0.4421875 0.40625 0.15937500000000002 0.1875
0 0.7296875 0.09479166666666666 0.15937500000000002 0.18541666666666667
0 0.3984375 0.1875 0.15937500000000002 0.1875
0 0.42031250000000003 0.7520833333333333 0.15937500000000002 0.1875
0 0.87421875 0.7364583333333333 0.1640625 0.18958333333333333
0 0.8625 0.9229166666666666 0.15937500000000002 0.15416666666666667
0 0.0671875 0.5583333333333333 0.13125 0.16666666666666666
