0 0.58359375 0.3677083333333333 0.1453125 0.21875
0 0.2984375 0.803125 0.178125 0.22708333333333333
0 0.45937500000000003 0.8072916666666666 0.178125 0.22708333333333333
0 0.6328125 0.509375 0.178125 0.22708333333333333
0 0.77265625 0.2708333333333333 0.1390625 0.18333333333333332
0 0.9484375 0.08229166666666667 0.10312500000000001 0.16041666666666665
0 0.91171875 0.26666666666666666 0.1484375 0.2
0 0.9500000000000001 0.7260416666666667 0.1 0.22291666666666665
0 0.759375 0.8041666666666667 0.16562500000000002 0.20833333333333334
0 0.1875 0.44166666666666665 0.16562500000000002 0.20833333333333334
