0 0.0890625 0.8864583333333333 0.16562500000000002 0.20625
0 0.5421875 0.20729166666666665 0.16562500000000002 0.20625
0 0.29453125 0.5145833333333333 0.1328125 0.1625
0 0.83515625 0.7447916666666666 0.1546875 0.20625
0 0.94296875 0.5072916666666667 0.11406250000000001 0.21041666666666667
0 0.74765625 0.23854166666666665 0.1546875 0.20625
0 0.89609375 0.12604166666666666 0.1546875 0.18958333333333333
0 0.6078125000000001 0.10104166666666667 0.1625 0.19791666666666666
0 0.1375 0.4145833333333333 0.15937500000000002 0.2375
0 0.19765625 0.22291666666666665 0.20468750000000002 0.2875
0 0.275 0.9072916666666666 0.125 0.16875
0 0.7679687500000001 0.46458333333333335 0.1765625 0.17916666666666667
0 0.7515625 0.9406249999999999 0.14375000000000002 0.10625
0 0.9671875000000001 0.22083333333333333 0.065625 0.19166666666666665
