0 0.66953125 0.6197916666666666 0.1703125 0.21041666666666667
0 0.76328125 0.8927083333333333 0.1703125 0.21041666666666667
0 0.69296875 0.8927083333333333 0.1703125 0.21041666666666667
0 0.515625 0.9114583333333334 0.17500000000000002 0.17708333333333334
0 0.5390625 0.3927083333333333 0.15937500000000002 0.17708333333333334
0 0.7937500000000001 0.24583333333333332 0.21250000000000002 0.22083333333333333
0 0.8210937500000001 0.4125 0.15781250000000002 0.2708333333333333
0 0.1390625 0.409375 0.153125 0.17708333333333334
0 0.2421875 0.8312499999999999 0.16875 0.21666666666666667
0 0.5281250000000001 0.13958333333333334 0.16875 0.21666666666666667
0 0.09843750000000001 0.20208333333333334 0.14375000000000002 0.20833333333333334
0 0.946875 0.8885416666666667 0.10625000000000001 0.20625
0 0.07500000000000001 0.7739583333333333 0.146875 0.20625
