0 0.284375 0.8322916666666667 0.153125 0.18541666666666667
0 0.49375 0.9208333333333333 0.184375 0.15833333333333333
0 0.6937500000000001 0.31875 0.22187500000000002 0.225
0 0.6921875000000001 0.4395833333333333 0.184375 0.19166666666666665
0 0.2484375 0.13020833333333334 0.146875 0.25625
0 0.25390625 0.3677083333333333 0.18906250000000002 0.20625
0 0.63984375 0.6625 0.1390625 0.2375
0 0.8453125 0.6 0.146875 0.2375
0 0.91171875 0.3416666666666667 0.1421875 0.2625
0 0.08046875 0.296875 0.15781250000000002 0.26458333333333334
0 0.09531250000000001 0.5833333333333334 0.15625 0.2583333333333333
0 0.49375 0.4041666666666667 0.225 0.2
0 0.95234375 0.7208333333333333 0.09531250000000001 0.225
0 0.8359375 0.8864583333333333 0.16875 0.21458333333333332
