0 0.36875 0.34791666666666665 0.15625 0.2625
0 0.9187500000000001 0.39791666666666664 0.15000000000000002 0.23333333333333334
0 0.8421875000000001 0.16145833333333334 0.178125 0.22291666666666665
0 0.815625 0.5625 0.134375 0.1875
0 0.49062500000000003 0.49374999999999997 0.134375 0.1875
0 0.51796875 0.28229166666666666 0.15156250000000002 0.18958333333333333
0 0.10234375000000001 0.265625 0.15156250000000002 0.18958333333333333
0 0.1125 0.3989583333333333 0.15937500000000002 0.21875
0 0.096875 0.771875 0.15937500000000002 0.21875
0 0.9281250000000001 0.8052083333333333 0.14375000000000002 0.21875
0 0.14453125 0.08958333333333333 0.1703125 0.175
0 0.6726562500000001 0.14895833333333333 0.15156250000000002 0.18958333333333333
0 0.33203125 0.6208333333333333 0.1640625 0.16666666666666666
