0 0.50703125 0.8239583333333333 0.1265625 0.22291666666666665
0 0.6109375 0.8541666666666666 0.178125 0.18333333333333332
0 0.7453125 0.7 0.203125 0.20833333333333334
0 0.784375 0.07395833333333333 0.209375 0.14375
0 0.15703125 0.4927083333333333 0.1546875 0.24375
0 0.2890625 0.11562499999999999 0.140625 0.22708333333333333
0 0.7875000000000001 0.365625 0.14375000000000002 0.18541666666666667
0 0.48046875 0.453125 0.1203125 0.20625
0 0.32343750000000004 0.4395833333333333 0.12812500000000002 0.20833333333333334
0 0.06484375 0.3 0.1265625 0.20833333333333334
0 0.09140625000000001 0.17083333333333334 0.1453125 0.21666666666666667
