0 0.64765625 0.475 0.1703125 0.24166666666666667
0 0.6671875 0.11562499999999999 0.1625 0.22708333333333333
0 0.46953125 0.46875 0.1921875 0.2875
0 0.82734375 0.49166666666666664 0.1609375 0.2
0 0.7734375 0.28020833333333334 0.14375000000000002 0.20208333333333334
0 0.30625 0.146875 0.15625 0.19375
0 0.1703125 0.646875 0.18125000000000002 0.18125
0 0.33359375 0.56875 0.1390625 0.1625
0 0.34218750000000003 0.7072916666666667 0.140625 0.23541666666666666
0 0.9476562500000001 0.55625 0.1046875 0.2875
0 0.23515625 0.365625 0.1796875 0.2604166666666667
