0 0.36015625 0.6510416666666666 0.2078125 0.21458333333333332
0 0.12734375 0.24479166666666666 0.2078125 0.21458333333333332
0 0.11328125 0.590625 0.1859375 0.20625
0 0.46328125000000003 0.11458333333333333 0.1796875 0.21666666666666667
0 0.9234375 0.3364583333333333 0.153125 0.21875
0 0.765625 0.7197916666666666 0.153125 0.21875
0 0.5125000000000001 0.528125 0.171875 0.23124999999999998
0 0.33203125 0.3958333333333333 0.2015625 0.25416666666666665
0 0.64765625 0.23854166666666665 0.1609375 0.18958333333333333
0 0.6648437500000001 0.50625 0.13593750000000002 0.22083333333333333
