0 0.6000000000000001 0.8583333333333333 0.1625 0.19583333333333333
0 0.434375 0.9145833333333333 0.153125 0.17083333333333334
0 0.8757812500000001 0.3572916666666667 0.1609375 0.22291666666666665
0 0.71796875 0.13020833333333334 0.1609375 0.22291666666666665
0 0.54609375 0.29270833333333335 0.1796875 0.22291666666666665
0 0.58359375 0.475 0.1421875 0.225
0 0.49296875 0.64375 0.1421875 0.225
0 0.5554687500000001 0.6864583333333333 0.1078125 0.16041666666666665
0 0.049218750000000006 0.16875 0.09531250000000001 0.21666666666666667
0 0.13671875 0.328125 0.1796875 0.22291666666666665
0 0.40937500000000004 0.22395833333333334 0.153125 0.21875
0 0.50625 0.08125 0.15625 0.15833333333333333
0 0.2609375 0.20729166666666665 0.184375 0.20208333333333334
0 0.8367187500000001 0.871875 0.1609375 0.22291666666666665
0 0.05859375 0.8916666666666666 0.11406250000000001 0.19166666666666665
