0 0.49140625000000004 0.7770833333333333 0.17343750000000002 0.23333333333333334
0 0.25703125 0.8302083333333333 0.2171875 0.23124999999999998
0 0.49375 0.21562499999999998 0.178125 0.19375
0 0.93671875 0.09166666666666666 0.1265625 0.17916666666666667
0 0.7609375 0.12083333333333333 0.16875 0.2375
0 0.9320312500000001 0.3802083333333333 0.13593750000000002 0.28125
0 0.76484375 0.7010416666666667 0.13593750000000002 0.28125
0 0.6804687500000001 0.4010416666666667 0.13593750000000002 0.28125
0 0.09375 0.2833333333333333 0.184375 0.26666666666666666
0 0.91328125 0.6958333333333333 0.17343750000000002 0.23333333333333334
