0 0.44609375 0.8541666666666666 0.1640625 0.175
0 0.6265625 0.896875 0.171875 0.18958333333333333
0 0.4625 0.24687499999999998 0.171875 0.18958333333333333
0 0.48125 0.08958333333333333 0.18125000000000002 0.175
0 0.259375 0.7739583333333333 0.1875 0.23541666666666666
0 0.53359375 0.42083333333333334 0.1640625 0.175
0 0.62890625 0.3145833333333333 0.1640625 0.175
0 0.24453125 0.12916666666666665 0.1640625 0.175
0 0.08515625 0.565625 0.16718750000000002 0.21041666666666667
0 0.9539062500000001 0.8947916666666667 0.0890625 0.21041666666666667
0 0.79609375 0.8624999999999999 0.1640625 0.175
0 0.9398437500000001 0.13854166666666667 0.1203125 0.19375
0 0.55 0.6760416666666667 0.15000000000000002 0.2604166666666667
