0 0.5765625 0.76875 0.171875 0.22083333333333333
0 0.76328125 0.7239583333333334 0.19843750000000002 0.23124999999999998
0 0.7390625000000001 0.9166666666666666 0.20625000000000002 0.16666666666666666
0 0.55234375 0.47604166666666664 0.2015625 0.22708333333333333
0 0.31796875 0.23854166666666665 0.2015625 0.22708333333333333
0 0.49062500000000003 0.20625 0.153125 0.20833333333333334
0 0.6117187500000001 0.2791666666666667 0.15781250000000002 0.19166666666666665
0 0.9242187500000001 0.109375 0.15156250000000002 0.21458333333333332
0 0.9242187500000001 0.3541666666666667 0.15156250000000002 0.21666666666666667
0 0.79453125 0.49583333333333335 0.17343750000000002 0.24583333333333332
0 0.34765625 0.9020833333333333 0.17343750000000002 0.19583333333333333
0 0.23125 0.759375 0.17500000000000002 0.23124999999999998
0 0.22187500000000002 0.5364583333333334 0.17500000000000002 0.23124999999999998
