0 0.7234375000000001 0.22395833333333334 0.17500000000000002 0.21041666666666667
0 0.53828125 0.234375 0.1296875 0.21041666666666667
0 0.48359375000000004 0.9177083333333333 0.1484375 0.16458333333333333
0 0.44375000000000003 0.5 0.140625 0.22083333333333333
0 0.41796875 0.21145833333333333 0.1171875 0.18958333333333333
0 0.8375 0.6479166666666667 0.15625 0.23333333333333334
0 0.77265625 0.8291666666666666 0.1453125 0.17916666666666667
0 0.9164062500000001 0.9197916666666667 0.1546875 0.16041666666666665
0 0.6960937500000001 0.946875 0.1546875 0.10625
0 0.56484375 0.7 0.1453125 0.17916666666666667
0 0.65 0.6447916666666667 0.15000000000000002 0.21458333333333332
0 0.08203125 0.8989583333333333 0.15156250000000002 0.20208333333333334
0 0.05234375 0.6666666666666666 0.1015625 0.24166666666666667
