0 0.88203125 0.31666666666666665 0.2265625 0.17916666666666667
0 0.24921875000000002 0.346875 0.15781250000000002 0.18958333333333333
0 0.21953125 0.553125 0.19843750000000002 0.23541666666666666
0 0.30000000000000004 0.73125 0.16562500000000002 0.20833333333333334
0 0.23593750000000002 0.8666666666666667 0.16562500000000002 0.20833333333333334
0 0.06796875000000001 0.7833333333333333 0.1328125 0.2
0 0.9203125000000001 0.5541666666666667 0.15937500000000002 0.2125
0 0.9296875 0.08125 0.140625 0.15833333333333333
0 0.8109375000000001 0.7822916666666666 0.19687500000000002 0.21041666666666667
0 0.6039062500000001 0.7583333333333333 0.18906250000000002 0.2
0 0.51875 0.9020833333333333 0.15625 0.19583333333333333
0 0.178125 0.07395833333333333 0.153125 0.14375
0 0.11640625 0.328125 0.13593750000000002 0.20625
