0 0.34609375000000003 0.44895833333333335 0.1203125 0.29791666666666666
0 0.29531250000000003 0.18854166666666666 0.1875 0.21041666666666667
0 0.20859375000000002 0.41354166666666664 0.1484375 0.18958333333333333
0 0.171875 0.5885416666666666 0.16875 0.20625
0 0.40937500000000004 0.76875 0.178125 0.23333333333333334
0 0.48281250000000003 0.5416666666666666 0.16562500000000002 0.20416666666666666
0 0.61640625 0.4114583333333333 0.1859375 0.20208333333333334
0 0.10546875 0.8145833333333333 0.1796875 0.2583333333333333
0 0.08671875000000001 0.27708333333333335 0.1703125 0.225
0 0.59375 0.2 0.14375000000000002 0.23333333333333334
0 0.6843750000000001 0.190625 0.19375 0.2520833333333333
0 0.8601562500000001 0.64375 0.1640625 0.21666666666666667
0 0.8734375000000001 0.7666666666666666 0.15000000000000002 0.19166666666666665
0 0.81640625 0.34479166666666666 0.15156250000000002 0.18541666666666667
