0 0.10078125 0.6833333333333333 0.15781250000000002 0.22083333333333333
0 0.07968750000000001 0.8895833333333333 0.15625 0.22083333333333333
0 0.61484375 0.8729166666666667 0.15781250000000002 0.22083333333333333
0 0.5296875 0.9020833333333333 0.140625 0.19583333333333333
0 0.5906250000000001 0.6145833333333334 0.140625 0.19583333333333333
0 0.375 0.13958333333333334 0.13125 0.275
0 0.7875000000000001 0.41562499999999997 0.1375 0.22291666666666665
0 0.8421875000000001 0.41354166666666664 0.1375 0.22291666666666665
0 0.9242187500000001 0.4354166666666667 0.15156250000000002 0.2125
0 0.8984375 0.6645833333333333 0.171875 0.21666666666666667
0 0.55390625 0.46770833333333334 0.1390625 0.17291666666666666
0 0.9164062500000001 0.078125 0.16718750000000002 0.15208333333333332
