0 0.69296875 0.2677083333333333 0.18281250000000002 0.2604166666666667
0 0.49062500000000003 0.23958333333333334 0.16562500000000002 0.175
0 0.8359375 0.47812499999999997 0.1625 0.30625
0 0.671875 0.6677083333333333 0.15625 0.21458333333333332
0 0.21250000000000002 0.08541666666666667 0.17500000000000002 0.16666666666666666
0 0.75703125 0.9270833333333334 0.1171875 0.14583333333333334
0 0.41953125 0.8395833333333333 0.20468750000000002 0.22083333333333333
0 0.565625 0.803125 0.1375 0.19791666666666666
0 0.07890625000000001 0.4114583333333333 0.1546875 0.23124999999999998
0 0.86875 0.159375 0.15625 0.23124999999999998
0 0.9421875000000001 0.9083333333333333 0.115625 0.18333333333333332
