0 0.34687500000000004 0.6958333333333333 0.20625000000000002 0.23333333333333334
0 0.2171875 0.42291666666666666 0.17500000000000002 0.2125
0 0.08828125 0.14375 0.17343750000000002 0.2125
0 0.17343750000000002 0.06666666666666667 0.171875 0.12916666666666665
0 0.7078125000000001 0.15416666666666667 0.17500000000000002 0.2125
0 0.7156250000000001 0.65625 0.17500000000000002 0.2125
0 0.37890625 0.8937499999999999 0.1765625 0.2125
0 0.6843750000000001 0.8416666666666667 0.17500000000000002 0.2125
0 0.9265625000000001 0.09583333333333333 0.146875 0.1875
0 0.14453125 0.6416666666666666 0.1765625 0.2125
0 0.22031250000000002 0.79375 0.15937500000000002 0.20416666666666666
