0 0.08281250000000001 0.209375 0.153125 0.19791666666666666
0 0.3328125 0.4583333333333333 0.1625 0.24583333333333332
0 0.5437500000000001 0.8875 0.1625 0.225
0 0.6843750000000001 0.7552083333333334 0.14375000000000002 0.21458333333333332
0 0.8812500000000001 0.28854166666666664 0.14375000000000002 0.21458333333333332
0 0.0890625 0.8197916666666667 0.14375000000000002 0.21458333333333332
0 0.14140625 0.6572916666666666 0.13593750000000002 0.19375
0 0.1328125 0.496875 0.125 0.14791666666666667
0 0.84296875 0.71875 0.1765625 0.225
0 0.94453125 0.90625 0.11093750000000001 0.1875
0 0.72421875 0.303125 0.2015625 0.23124999999999998
0 0.178125 0.396875 0.125 0.14791666666666667
0 0.51328125 0.28541666666666665 0.1234375 0.25416666666666665
0 0.21875 0.08125 0.178125 0.15833333333333333
0 0.6820312500000001 0.08229166666666667 0.15781250000000002 0.16041666666666665
