0 0.47734375 0.825 0.1703125 0.22916666666666666
0 0.5875 0.9239583333333333 0.178125 0.14791666666666667
0 0.7210937500000001 0.7958333333333333 0.1703125 0.22916666666666666
0 0.7109375 0.58125 0.13125 0.1875
0 0.58203125 0.6291666666666667 0.1703125 0.22916666666666666
0 0.40234375 0.2916666666666667 0.1703125 0.22916666666666666
0 0.32656250000000003 0.33125 0.16562500000000002 0.21666666666666667
0 0.51953125 0.07395833333333333 0.1609375 0.14375
0 0.69296875 0.30416666666666664 0.1703125 0.22916666666666666
0 0.775 0.08541666666666667 0.16562500000000002 0.16666666666666666
0 0.14375000000000002 0.3625 0.19062500000000002 0.2
0 0.25546875 0.14895833333333333 0.1796875 0.22291666666666665
