0 0.09843750000000001 0.84375 0.1875 0.24583333333333332
0 0.3515625 0.44166666666666665 0.1875 0.24583333333333332
0 0.65234375 0.109375 0.18281250000000002 0.21458333333333332
0 0.51328125 0.3020833333333333 0.18281250000000002 0.21666666666666667
0 0.69453125 0.5083333333333333 0.17343750000000002 0.2875
0 0.93671875 0.228125 0.1265625 0.24375
0 0.8609375 0.9395833333333333 0.184375 0.11666666666666667
0 0.1421875 0.49166666666666664 0.1875 0.24583333333333332
0 0.31640625 0.18229166666666666 0.16718750000000002 0.18541666666666667
0 0.46796875000000004 0.9510416666666667 0.16718750000000002 0.09791666666666667
0 0.71796875 0.34479166666666666 0.20468750000000002 0.21458333333333332
0 0.8171875000000001 0.5625 0.16875 0.24583333333333332
