0 0.5578125 0.15833333333333333 0.184375 0.225
0 0.609375 0.7583333333333333 0.184375 0.225
0 0.4765625 0.396875 0.13125 0.16875
0 0.39453125 0.11041666666666666 0.15156250000000002 0.21666666666666667
0 0.08203125 0.27708333333333335 0.1296875 0.18333333333333332
0 0.23046875 0.525 0.1296875 0.18333333333333332
0 0.08046875 0.7541666666666667 0.1296875 0.18333333333333332
0 0.88828125 0.35 0.1296875 0.18333333333333332
0 0.91171875 0.6572916666666666 0.17343750000000002 0.23124999999999998
0 0.765625 0.8833333333333333 0.19375 0.23333333333333334
0 0.1390625 0.3989583333333333 0.140625 0.17708333333333334
0 0.2328125 0.16875 0.146875 0.17083333333333334
