0 0.7359375 0.85 0.15625 0.20416666666666666
0 0.49609375 0.9208333333333333 0.15156250000000002 0.15833333333333333
0 0.775 0.25625 0.15625 0.14583333333333334
0 0.75 0.3489583333333333 0.15625 0.15208333333333332
0 0.6062500000000001 0.378125 0.134375 0.16458333333333333
0 0.6421875 0.5114583333333333 0.184375 0.26875
0 0.6140625000000001 0.1375 0.178125 0.2
0 0.92109375 0.190625 0.15781250000000002 0.20208333333333334
0 0.07734375 0.6802083333333333 0.15156250000000002 0.21041666666666667
0 0.09453125000000001 0.9125 0.1859375 0.16666666666666666
0 0.184375 0.234375 0.153125 0.21041666666666667
0 0.34218750000000003 0.584375 0.153125 0.21041666666666667
0 0.9421875000000001 0.409375 0.115625 0.21875
0 0.7562500000000001 0.07291666666666667 0.153125 0.14166666666666666
