0 0.19062500000000002 0.11979166666666667 0.140625 0.17291666666666666
0 0.153125 0.23229166666666667 0.140625 0.17291666666666666
0 0.0578125 0.3885416666666667 0.1125 0.17291666666666666
0 0.32109375 0.40625 0.1453125 0.225
0 0.5796875 0.09895833333333333 0.1125 0.19375
0 0.57578125 0.2604166666666667 0.1640625 0.19166666666666665
0 0.76953125 0.096875 0.1640625 0.18958333333333333
0 0.22031250000000002 0.8041666666666667 0.19062500000000002 0.22083333333333333
0 0.42812500000000003 0.9166666666666666 0.178125 0.16666666666666666
0 0.6375000000000001 0.73125 0.153125 0.16666666666666666
0 0.68671875 0.55 0.15781250000000002 0.19166666666666665
0 0.86640625 0.7958333333333333 0.15781250000000002 0.19166666666666665
0 0.9007812500000001 0.5791666666666666 0.09843750000000001 0.19166666666666665
0 0.4453125 0.2833333333333333 0.178125 0.22083333333333333
