0 0.35703125 0.3260416666666667 0.15156250000000002 0.19791666666666666
0 0.17109375000000002 0.421875 0.1390625 0.21875
0 0.8460937500000001 0.3 0.16718750000000002 0.225
0 0.7234375000000001 0.6395833333333333 0.15000000000000002 0.1875
0 0.9382812500000001 0.8177083333333334 0.1234375 0.18125
0 0.65390625 0.45625 0.15156250000000002 0.1875
0 0.33671875 0.075 0.1265625 0.14583333333333334
0 0.6703125000000001 0.7822916666666666 0.203125 0.21041666666666667
0 0.065625 0.39375 0.12812500000000002 0.2625
0 0.8578125000000001 0.10208333333333333 0.146875 0.2
0 0.525 0.8312499999999999 0.15000000000000002 0.1875
0 0.5203125000000001 0.3833333333333333 0.15000000000000002 0.1875
0 0.48203125 0.12291666666666666 0.18281250000000002 0.2125
0 0.67890625 0.20833333333333334 0.1796875 0.24166666666666667
