0 0.09531250000000001 0.7583333333333333 0.153125 0.19583333333333333
0 0.055468750000000004 0.5354166666666667 0.1078125 0.275
0 0.57421875 0.37395833333333334 0.1953125 0.23541666666666666
0 0.6921875000000001 0.6291666666666667 0.15937500000000002 0.225
0 0.34687500000000004 0.7302083333333333 0.15625 0.24375
0 0.90625 0.4979166666666667 0.1875 0.22916666666666666
0 0.57265625 0.090625 0.1640625 0.17708333333333334
0 0.22109375 0.27708333333333335 0.2078125 0.20416666666666666
0 0.178125 0.4458333333333333 0.19687500000000002 0.2708333333333333
0 0.5296875 0.753125 0.19687500000000002 0.21041666666666667
0 0.36250000000000004 0.08125 0.19375 0.15833333333333333
