0 0.7250000000000001 0.884375 0.15000000000000002 0.22291666666666665
0 0.8015625000000001 0.296875 0.16562500000000002 0.21875
0 0.7390625000000001 0.609375 0.184375 0.19791666666666666
0 0.3640625 0.675 0.140625 0.20833333333333334
0 0.26015625000000003 0.8166666666666667 0.1546875 0.2
0 0.31093750000000003 0.8979166666666667 0.15937500000000002 0.1625
0 0.56796875 0.24270833333333333 0.1703125 0.21458333333333332
0 0.7000000000000001 0.65 0.140625 0.19583333333333333
0 0.9398437500000001 0.35520833333333335 0.11406250000000001 0.22291666666666665
0 0.93359375 0.178125 0.1328125 0.19375
