0 0.16640625 0.8166666666666667 0.1703125 0.25
0 0.38671875 0.7614583333333333 0.2234375 0.21041666666666667
0 0.1453125 0.2125 0.184375 0.225
0 0.5921875 0.2 0.184375 0.225
0 0.41171875 0.29791666666666666 0.1859375 0.25
0 0.9148437500000001 0.5114583333333333 0.1546875 0.20625
0 0.21015625000000002 0.4708333333333333 0.1609375 0.21666666666666667
0 0.2546875 0.3885416666666667 0.13125 0.17708333333333334
0 0.384375 0.5333333333333333 0.178125 0.1875
0 0.29921875000000003 0.125 0.1390625 0.19166666666666665
0 0.8718750000000001 0.253125 0.178125 0.20208333333333334
0 0.06328125 0.4166666666666667 0.1234375 0.24583333333333332
0 0.8054687500000001 0.43333333333333335 0.09531250000000001 0.13333333333333333
