0 0.13984375000000002 0.8708333333333333 0.15781250000000002 0.20416666666666666
0 0.09453125000000001 0.6916666666666667 0.15156250000000002 0.2
0 0.9140625 0.528125 0.171875 0.19375
0 0.5453125 0.6427083333333333 0.15937500000000002 0.24791666666666667
0 0.6875 0.203125 0.15625 0.24375
0 0.2015625 0.12083333333333333 0.15625 0.19583333333333333
0 0.6898437500000001 0.64375 0.1796875 0.1875
0 0.09453125000000001 0.2760416666666667 0.15781250000000002 0.20625
0 0.15546875000000002 0.42083333333333334 0.1609375 0.2125
0 0.34765625 0.675 0.1546875 0.20416666666666666
0 0.9 0.8770833333333333 0.16562500000000002 0.2125
0 0.359375 0.10833333333333334 0.15000000000000002 0.175
