0 0.728125 0.21770833333333334 0.134375 0.26458333333333334
0 0.91328125 0.29583333333333334 0.17343750000000002 0.2833333333333333
0 0.78671875 0.8489583333333334 0.2171875 0.24375
0 0.8210937500000001 0.55 0.1640625 0.23333333333333334
0 0.6648437500000001 0.5 0.1640625 0.23333333333333334
0 0.7453125 0.45416666666666666 0.125 0.2
0 0.51875 0.34791666666666665 0.15625 0.20416666666666666
0 0.41484375 0.4583333333333333 0.1765625 0.20833333333333334
0 0.12421875 0.5875 0.15156250000000002 0.19583333333333333
0 0.2984375 0.7489583333333333 0.14375000000000002 0.22708333333333333
0 0.25859375 0.9072916666666666 0.1609375 0.18541666666666667
0 0.1640625 0.3260416666666667 0.16562500000000002 0.19375
0 0.5984375000000001 0.09791666666666667 0.16562500000000002 0.19166666666666665
0 0.3375 0.08125 0.140625 0.15833333333333333
0 0.0734375 0.24687499999999998 0.14375000000000002 0.20625
