0 0.88203125 0.45416666666666666 0.1453125 0.20833333333333334
0 0.76328125 0.296875 0.1953125 0.23124999999999998
0 0.8695312500000001 0.7385416666666667 0.1703125 0.23541666666666666
0 0.48515625 0.6270833333333333 0.18906250000000002 0.23333333333333334
0 0.178125 0.33229166666666665 0.17500000000000002 0.23124999999999998
0 0.6890625 0.6520833333333333 0.19687500000000002 0.22916666666666666
0 0.42812500000000003 0.3572916666666667 0.14375000000000002 0.18958333333333333
0 0.3359375 0.259375 0.14375000000000002 0.18958333333333333
0 0.07421875 0.0875 0.1421875 0.17083333333333334
0 0.10703125000000001 0.5645833333333333 0.1640625 0.175
0 0.09531250000000001 0.65625 0.16875 0.21666666666666667
0 0.62890625 0.4302083333333333 0.16718750000000002 0.33125
0 0.7820312500000001 0.08125 0.1953125 0.15833333333333333
0 0.41953125 0.23020833333333332 0.1296875 0.16458333333333333
