0 0.13515625 0.3958333333333333 0.1859375 0.22916666666666666
0 0.38984375000000004 0.6208333333333333 0.1796875 0.2916666666666667
0 0.19765625 0.16458333333333333 0.1859375 0.22916666666666666
0 0.51796875 0.46770833333333334 0.1546875 0.23541666666666666
0 0.50234375 0.81875 0.15781250000000002 0.22916666666666666
0 0.19140625 0.615625 0.17343750000000002 0.20625
0 0.18515625000000002 0.7427083333333333 0.17343750000000002 0.20625
0 0.6101562500000001 0.08541666666666667 0.1703125 0.16666666666666666
0 0.846875 0.31666666666666665 0.153125 0.19583333333333333
0 0.734375 0.196875 0.115625 0.18541666666666667
0 0.8054687500000001 0.1 0.1234375 0.19583333333333333
0 0.93359375 0.14791666666666667 0.1328125 0.21666666666666667
0 0.51796875 0.23645833333333333 0.1609375 0.18958333333333333
0 0.671875 0.38645833333333335 0.1875 0.17708333333333334
