0 0.1328125 0.45 0.171875 0.2
0 0.09453125000000001 0.175 0.15156250000000002 0.20416666666666666
0 0.1265625 0.8375 0.17500000000000002 0.20833333333333334
0 0.2578125 0.7666666666666666 0.17500000000000002 0.20833333333333334
0 0.33671875 0.6260416666666666 0.1796875 0.2520833333333333
0 0.46328125000000003 0.8197916666666667 0.15156250000000002 0.19791666666666666
0 0.6273437500000001 0.7020833333333333 0.1609375 0.1875
0 0.609375 0.23541666666666666 0.19062500000000002 0.22916666666666666
0 0.3671875 0.10625 0.203125 0.20833333333333334
0 0.34765625 0.3260416666666667 0.1703125 0.19375
0 0.3875 0.39791666666666664 0.140625 0.1625
0 0.7234375000000001 0.08020833333333333 0.234375 0.15625
0 0.9070312500000001 0.54375 0.1765625 0.16666666666666666
0 0.7992187500000001 0.340625 0.1296875 0.17291666666666666
0 0.87265625 0.3072916666666667 0.1484375 0.22291666666666665
