0 0.17734375000000002 0.2583333333333333 0.1609375 0.2125
0 0.45390625 0.5875 0.1703125 0.275
0 0.27968750000000003 0.725 0.15625 0.2
0 0.67109375 0.7614583333333333 0.2015625 0.24791666666666667
0 0.84921875 0.18125 0.1546875 0.2125
0 0.3515625 0.16354166666666667 0.15000000000000002 0.22291666666666665
0 0.1921875 0.49583333333333335 0.184375 0.19166666666666665
0 0.14921875 0.8479166666666667 0.15781250000000002 0.1625
0 0.90625 0.70625 0.1625 0.20833333333333334
0 0.22031250000000002 0.603125 0.2625 0.14791666666666667
