0 0.09531250000000001 0.196875 0.15625 0.21458333333333332
0 0.084375 0.47812499999999997 0.16562500000000002 0.26458333333333334
0 0.22031250000000002 0.7833333333333333 0.15000000000000002 0.20416666666666666
0 0.259375 0.48125 0.18125000000000002 0.22916666666666666
0 0.43593750000000003 0.2 0.18125000000000002 0.22916666666666666
0 0.6156250000000001 0.8927083333333333 0.14375000000000002 0.21458333333333332
0 0.3453125 0.8927083333333333 0.15625 0.21458333333333332
0 0.6062500000000001 0.41354166666666664 0.184375 0.21458333333333332
0 0.77890625 0.15833333333333333 0.1234375 0.19583333333333333
0 0.8765625 0.41562499999999997 0.16562500000000002 0.21458333333333332
0 0.925 0.18125 0.14375000000000002 0.19166666666666665
0 0.6179687500000001 0.64375 0.18281250000000002 0.24583333333333332
0 0.48750000000000004 0.38229166666666664 0.15625 0.20208333333333334
