0 0.50390625 0.7260416666666667 0.1484375 0.24791666666666667
0 0.6875 0.7145833333333333 0.15000000000000002 0.1625
0 0.10625000000000001 0.628125 0.178125 0.21041666666666667
0 0.275 0.7583333333333333 0.15000000000000002 0.2375
0 0.09843750000000001 0.8072916666666666 0.17500000000000002 0.22708333333333333
0 0.33515625000000004 0.3958333333333333 0.17343750000000002 0.22083333333333333
0 0.8765625 0.6104166666666666 0.184375 0.2125
0 0.7195312500000001 0.8833333333333333 0.1859375 0.19166666666666665
0 0.4609375 0.3614583333333333 0.16562500000000002 0.2520833333333333
0 0.07734375 0.26875 0.15156250000000002 0.20416666666666666
0 0.08750000000000001 0.46041666666666664 0.171875 0.21666666666666667
0 0.26484375 0.20416666666666666 0.18281250000000002 0.20416666666666666
0 0.69296875 0.16666666666666666 0.17343750000000002 0.15416666666666667
0 0.85546875 0.18645833333333334 0.1609375 0.2520833333333333
0 0.45234375000000004 0.9291666666666667 0.1640625 0.14166666666666666
0 0.54453125 0.08958333333333333 0.15156250000000002 0.175
0 0.18125000000000002 0.08958333333333333 0.146875 0.175
