0 0.6640625 0.8427083333333333 0.18125000000000002 0.18958333333333333
0 0.8835937500000001 0.528125 0.17343750000000002 0.18958333333333333
0 0.5750000000000001 0.6802083333333333 0.153125 0.19791666666666666
0 0.5789062500000001 0.30416666666666664 0.17343750000000002 0.2125
0 0.665625 0.4010416666666667 0.153125 0.19791666666666666
0 0.8828125 0.16354166666666667 0.1375 0.2604166666666667
0 0.72421875 0.090625 0.1640625 0.17708333333333334
0 0.1640625 0.2989583333333333 0.1375 0.30625
0 0.43125 0.6572916666666666 0.17500000000000002 0.2520833333333333
0 0.16718750000000002 0.5447916666666667 0.17500000000000002 0.2520833333333333
0 0.87109375 0.9010416666666666 0.13593750000000002 0.19791666666666666
