0 0.39296875000000003 0.8010416666666667 0.1609375 0.20208333333333334
0 0.06796875000000001 0.8729166666666667 0.1328125 0.20416666666666666
0 0.540625 0.31875 0.234375 0.16666666666666666
0 0.35859375000000004 0.6020833333333333 0.1953125 0.16666666666666666
0 0.465625 0.14270833333333333 0.1875 0.18541666666666667
0 0.18281250000000002 0.12083333333333333 0.1625 0.2125
0 0.5578125 0.6333333333333333 0.16562500000000002 0.22083333333333333
0 0.7078125000000001 0.5625 0.18125000000000002 0.20833333333333334
0 0.74609375 0.740625 0.18906250000000002 0.21458333333333332
0 0.90234375 0.3302083333333333 0.17343750000000002 0.23124999999999998
0 0.8914062500000001 0.5010416666666666 0.1421875 0.23124999999999998
0 0.5921875 0.9260416666666667 0.15625 0.14791666666666667
