0 0.11171875 0.2739583333333333 0.1796875 0.18125
0 0.38359375 0.8114583333333333 0.1796875 0.18125
0 0.25 0.8624999999999999 0.18125000000000002 0.19583333333333333
0 0.48515625 0.29270833333333335 0.18281250000000002 0.22708333333333333
0 0.28828125 0.12604166666666666 0.18281250000000002 0.22708333333333333
0 0.13125 0.4427083333333333 0.17500000000000002 0.20625
0 0.8250000000000001 0.121875 0.17500000000000002 0.20625
0 0.71484375 0.490625 0.19843750000000002 0.28125
0 0.55625 0.759375 0.14375000000000002 0.19791666666666666
0 0.734375 0.759375 0.14375000000000002 0.19791666666666666
0 0.6570312500000001 0.103125 0.1453125 0.19791666666666666
0 0.53046875 0.075 0.18906250000000002 0.14583333333333334
0 0.09062500000000001 0.8604166666666666 0.16562500000000002 0.1875
