0 0.6687500000000001 0.4979166666666667 0.146875 0.2
0 0.31171875000000004 0.41562499999999997 0.17343750000000002 0.20625
0 0.26640625 0.56875 0.17343750000000002 0.24583333333333332
0 0.7273437500000001 0.63125 0.17343750000000002 0.24583333333333332
0 0.86640625 0.38229166666666664 0.1453125 0.23124999999999998
0 0.75546875 0.13854166666666667 0.15781250000000002 0.22708333333333333
0 0.92109375 0.8614583333333333 0.15781250000000002 0.22708333333333333
0 0.92578125 0.6458333333333334 0.1484375 0.19583333333333333
0 0.15546875000000002 0.7854166666666667 0.1484375 0.19583333333333333
0 0.54609375 0.13958333333333334 0.18281250000000002 0.1875
0 0.44375000000000003 0.8552083333333333 0.184375 0.20625
0 0.6921875000000001 0.9177083333333333 0.184375 0.16458333333333333
0 0.13046875 0.07083333333333333 0.1765625 0.1375
0 0.9187500000000001 0.08125 0.1625 0.15833333333333333
0 0.28828125 0.81875 0.1484375 0.22916666666666666
