0 0.32578125 0.8645833333333334 0.1640625 0.19166666666666665
0 0.8968750000000001 0.5541666666666667 0.18125000000000002 0.22083333333333333
0 0.9171875 0.7875 0.16562500000000002 0.22916666666666666
0 0.796875 0.71875 0.16562500000000002 0.22916666666666666
0 0.6609375000000001 0.8125 0.19062500000000002 0.225
0 0.2625 0.334375 0.16875 0.22291666666666665
0 0.23828125 0.578125 0.17343750000000002 0.2604166666666667
0 0.71015625 0.11875 0.16718750000000002 0.23333333333333334
0 0.2921875 0.075 0.15937500000000002 0.14583333333333334
0 0.415625 0.20104166666666667 0.203125 0.24375
