0 0.71640625 0.5802083333333333 0.16718750000000002 0.21458333333333332
0 0.9 0.33958333333333335 0.1875 0.225
0 0.6109375 0.20416666666666666 0.1875 0.225
0 0.43984375000000003 0.14479166666666665 0.1796875 0.19375
0 0.66953125 0.759375 0.1609375 0.19791666666666666
0 0.07500000000000001 0.48020833333333335 0.146875 0.2604166666666667
0 0.7976562500000001 0.08958333333333333 0.18906250000000002 0.175
0 0.52734375 0.7458333333333333 0.1421875 0.225
0 0.89453125 0.6354166666666666 0.1421875 0.225
0 0.30078125 0.26458333333333334 0.16718750000000002 0.25416666666666665
0 0.26484375 0.0875 0.1640625 0.17083333333333334
