0 0.6882812500000001 0.7 0.1640625 0.2
0 0.28515625 0.5875 0.1640625 0.2
0 0.5710937500000001 0.21145833333333333 0.19843750000000002 0.20625
0 0.634375 0.47291666666666665 0.15625 0.20833333333333334
0 0.40937500000000004 0.8958333333333334 0.15625 0.20833333333333334
0 0.11796875000000001 0.796875 0.22031250000000002 0.21041666666666667
0 0.9484375 0.25104166666666666 0.10312500000000001 0.2520833333333333
0 0.7390625000000001 0.17291666666666666 0.15625 0.20833333333333334
0 0.7359375 0.30625 0.15625 0.20833333333333334
0 0.921875 0.5 0.15625 0.20833333333333334
0 0.28515625 0.8354166666666667 0.15781250000000002 0.20833333333333334
0 0.07968750000000001 0.11666666666666667 0.15625 0.20833333333333334
0 0.14765625000000002 0.54375 0.1234375 0.19166666666666665
