0 0.2609375 0.5114583333333333 0.18125000000000002 0.20625
0 0.35390625000000003 0.725 0.15781250000000002 0.21666666666666667
0 0.253125 0.7375 0.14375000000000002 0.1875
0 0.38203125000000004 0.11354166666666667 0.1796875 0.22291666666666665
0 0.784375 0.8375 0.15937500000000002 0.21666666666666667
0 0.79609375 0.47604166666666664 0.16718750000000002 0.23124999999999998
0 0.76875 0.575 0.16562500000000002 0.2125
0 0.49375 0.3677083333333333 0.171875 0.19791666666666666
0 0.9375 0.27291666666666664 0.125 0.24583333333333332
0 0.91953125 0.07291666666666667 0.15781250000000002 0.14166666666666666
0 0.7820312500000001 0.07291666666666667 0.15781250000000002 0.14166666666666666
0 0.58984375 0.096875 0.15781250000000002 0.18958333333333333
0 0.7351562500000001 0.234375 0.1546875 0.20208333333333334
0 0.43359375 0.328125 0.1546875 0.20208333333333334
0 0.18984375 0.19479166666666667 0.1546875 0.20208333333333334
0 0.11015625000000001 0.6260416666666666 0.16718750000000002 0.23124999999999998
0 0.47734375 0.5604166666666667 0.15781250000000002 0.15
0 0.93125 0.59375 0.1375 0.21666666666666667
