0 0.8359375 0.35520833333333335 0.19062500000000002 0.2520833333333333
0 0.7546875000000001 0.6677083333333333 0.16875 0.25625
0 0.26171875 0.40208333333333335 0.1453125 0.21666666666666667
0 0.53359375 0.16041666666666665 0.1453125 0.21666666666666667
0 0.8148437500000001 0.10729166666666666 0.15781250000000002 0.21041666666666667
0 0.07968750000000001 0.7 0.15625 0.2125
0 0.33359375 0.5979166666666667 0.15781250000000002 0.2125
0 0.24609375 0.7541666666666667 0.1765625 0.20416666666666666
0 0.42109375000000004 0.7708333333333334 0.1765625 0.20416666666666666
0 0.9242187500000001 0.7 0.15156250000000002 0.20833333333333334
0 0.6976562500000001 0.22708333333333333 0.15156250000000002 0.20833333333333334
0 0.23750000000000002 0.8833333333333333 0.14375000000000002 0.15416666666666667
0 0.10234375000000001 0.14583333333333334 0.19843750000000002 0.20833333333333334
0 0.3875 0.34270833333333334 0.109375 0.27708333333333335
0 0.6218750000000001 0.8510416666666667 0.15937500000000002 0.21458333333333332
0 0.1046875 0.46979166666666666 0.15937500000000002 0.21458333333333332
0 0.92109375 0.91875 0.15781250000000002 0.1625
