0 0.7898437500000001 0.13229166666666667 0.1703125 0.18541666666666667
0 0.7203125 0.34270833333333334 0.16562500000000002 0.19375
0 0.78515625 0.9322916666666666 0.22031250000000002 0.13541666666666666
0 0.5015625 0.7979166666666666 0.1625 0.25
0 0.53671875 0.3854166666666667 0.17343750000000002 0.19583333333333333
0 0.9140625 0.5520833333333334 0.1625 0.25
0 0.84140625 0.6625 0.1921875 0.20416666666666666
0 0.2765625 0.46979166666666666 0.13125 0.16458333333333333
0 0.09296875 0.5395833333333333 0.1703125 0.17083333333333334
0 0.15859375 0.8260416666666667 0.1859375 0.23541666666666666
