0 0.1796875 0.228125 0.15625 0.28125
0 0.6726562500000001 0.0875 0.1796875 0.17083333333333334
0 0.44765625000000003 0.11458333333333333 0.1859375 0.21666666666666667
0 0.8539062500000001 0.375 0.1859375 0.21666666666666667
0 0.36640625000000004 0.7083333333333334 0.1859375 0.21666666666666667
0 0.2390625 0.903125 0.184375 0.19375
0 0.5710937500000001 0.85 0.1703125 0.2375
0 0.15937500000000002 0.659375 0.16562500000000002 0.18125
0 0.34218750000000003 0.27291666666666664 0.16875 0.225
0 0.2765625 0.48020833333333335 0.22187500000000002 0.2604166666666667
0 0.8132812500000001 0.9135416666666667 0.1703125 0.17291666666666666
0 0.93515625 0.5302083333333333 0.1296875 0.21875
