0 0.36640625000000004 0.5166666666666666 0.20468750000000002 0.2875
0 0.7367187500000001 0.821875 0.15156250000000002 0.24375
0 0.9070312500000001 0.8677083333333333 0.15156250000000002 0.24375
0 0.6257812500000001 0.18125 0.1484375 0.2
0 0.6218750000000001 0.384375 0.16562500000000002 0.2520833333333333
0 0.565625 0.6114583333333333 0.16562500000000002 0.2520833333333333
0 0.9148437500000001 0.43645833333333334 0.16718750000000002 0.24375
0 0.8187500000000001 0.2635416666666667 0.215625 0.23958333333333334
0 0.109375 0.525 0.20625000000000002 0.26666666666666666
0 0.2515625 0.284375 0.184375 0.24791666666666667
