0 0.11796875000000001 0.24166666666666667 0.1796875 0.2
0 0.11640625 0.44479166666666664 0.1703125 0.18958333333333333
0 0.234375 0.6333333333333333 0.171875 0.2125
0 0.1265625 0.78125 0.178125 0.2
0 0.32421875 0.8166666666666667 0.1765625 0.175
0 0.46875 0.81875 0.18125000000000002 0.19583333333333333
0 0.6484375 0.8395833333333333 0.16562500000000002 0.22916666666666666
0 0.76953125 0.821875 0.15781250000000002 0.17291666666666666
0 0.784375 0.625 0.15625 0.225
0 0.8679687500000001 0.5239583333333333 0.1921875 0.16041666666666665
0 0.8359375 0.3489583333333333 0.19375 0.16875
0 0.5906250000000001 0.19791666666666666 0.171875 0.2
0 0.84375 0.12291666666666666 0.178125 0.24166666666666667
0 0.36484375 0.31145833333333334 0.18906250000000002 0.27708333333333335
