0 0.875 0.825 0.16562500000000002 0.24583333333333332
0 0.9390625 0.678125 0.12187500000000001 0.19791666666666666
0 0.8757812500000001 0.49583333333333335 0.1796875 0.2375
0 0.27968750000000003 0.5333333333333333 0.15625 0.21666666666666667
0 0.5671875000000001 0.8458333333333333 0.13125 0.22083333333333333
0 0.6328125 0.8479166666666667 0.15625 0.21666666666666667
0 0.20625000000000002 0.17604166666666665 0.18125000000000002 0.2520833333333333
0 0.8125 0.08125 0.178125 0.15833333333333333
0 0.1953125 0.8708333333333333 0.15625 0.21666666666666667
0 0.2921875 0.8010416666666667 0.14375000000000002 0.16875
0 0.6203125 0.625 0.153125 0.20833333333333334
