0 0.51328125 0.8468749999999999 0.21406250000000002 0.19791666666666666
0 0.54609375 0.6947916666666667 0.1453125 0.18958333333333333
0 0.7796875000000001 0.81875 0.184375 0.20416666666666666
0 0.6492187500000001 0.21458333333333332 0.1609375 0.20416666666666666
0 0.44375000000000003 0.275 0.16562500000000002 0.1875
0 0.48359375000000004 0.43124999999999997 0.1484375 0.17916666666666667
0 0.30000000000000004 0.17395833333333333 0.2 0.23541666666666666
0 0.75703125 0.1 0.1453125 0.19583333333333333
0 0.8445312500000001 0.10520833333333333 0.1796875 0.20625
0 0.6859375000000001 0.5739583333333333 0.22812500000000002 0.24375
0 0.665625 0.396875 0.17500000000000002 0.19375
0 0.28046875 0.8083333333333333 0.1796875 0.2625
0 0.8734375000000001 0.4770833333333333 0.1625 0.22083333333333333
