0 0.6453125000000001 0.40520833333333334 0.178125 0.19375
0 0.6781250000000001 0.546875 0.178125 0.19375
0 0.7046875 0.7489583333333333 0.178125 0.19375
0 0.5859375 0.8802083333333334 0.178125 0.19375
0 0.29375 0.9083333333333333 0.19062500000000002 0.18333333333333332
0 0.1125 0.796875 0.178125 0.19375
0 0.3515625 0.7385416666666667 0.178125 0.19375
0 0.9460937500000001 0.8479166666666667 0.1078125 0.19166666666666665
0 0.9460937500000001 0.275 0.1078125 0.19166666666666665
0 0.8601562500000001 0.29270833333333335 0.1796875 0.28125
0 0.9398437500000001 0.59375 0.1203125 0.2125
0 0.8187500000000001 0.6479166666666667 0.14375000000000002 0.17083333333333334
