0 0.265625 0.5677083333333334 0.1875 0.24791666666666667
0 0.44843750000000004 0.5854166666666667 0.178125 0.225
0 0.3640625 0.10625 0.15000000000000002 0.20833333333333334
0 0.18359375 0.31979166666666664 0.1953125 0.24375
0 0.13203125000000002 0.42291666666666666 0.15156250000000002 0.22083333333333333
0 0.11171875 0.8208333333333333 0.1609375 0.25
0 0.63046875 0.575 0.1609375 0.2
0 0.8054687500000001 0.5072916666666667 0.18281250000000002 0.23541666666666666
0 0.65546875 0.8052083333333333 0.18281250000000002 0.23541666666666666
0 0.29140625000000003 0.8572916666666667 0.18281250000000002 0.23541666666666666
0 0.9421875000000001 0.6875 0.115625 0.23333333333333334
0 0.7890625 0.6302083333333334 0.1875 0.20625
0 0.57578125 0.775 0.1859375 0.1875
0 0.74140625 0.09479166666666666 0.1859375 0.18541666666666667
