0 0.3828125 0.2520833333333333 0.14375000000000002 0.21666666666666667
0 0.07265625 0.3520833333333333 0.1421875 0.21666666666666667
0 0.22968750000000002 0.128125 0.209375 0.2520833333333333
0 0.38046875 0.4770833333333333 0.15156250000000002 0.24166666666666667
0 0.39765625000000004 0.9197916666666667 0.1546875 0.15625
0 0.25546875 0.7927083333333333 0.1953125 0.23541666666666666
0 0.8070312500000001 0.38645833333333335 0.1546875 0.21041666666666667
0 0.9070312500000001 0.5385416666666667 0.1859375 0.2520833333333333
0 0.66328125 0.525 0.15781250000000002 0.2125
0 0.57421875 0.8937499999999999 0.1921875 0.2125
0 0.63203125 0.21041666666666667 0.1765625 0.225
