0 0.11640625 0.715625 0.1609375 0.20625
0 0.41328125000000004 0.3364583333333333 0.1296875 0.17708333333333334
0 0.8601562500000001 0.3927083333333333 0.1609375 0.19791666666666666
0 0.26328125 0.20729166666666665 0.1609375 0.19791666666666666
0 0.81953125 0.621875 0.1640625 0.23124999999999998
0 0.9343750000000001 0.8260416666666667 0.13125 0.17708333333333334
0 0.8046875 0.921875 0.153125 0.15625
0 0.55234375 0.9520833333333333 0.1609375 0.09583333333333333
0 0.3359375 0.959375 0.15625 0.08125
0 0.06875 0.21458333333333332 0.134375 0.17083333333333334
