0 0.44062500000000004 0.396875 0.17500000000000002 0.20625
0 0.3921875 0.20416666666666666 0.21250000000000002 0.24166666666666667
0 0.5984375000000001 0.40625 0.17500000000000002 0.21666666666666667
0 0.8718750000000001 0.7125 0.16562500000000002 0.2125
0 0.915625 0.903125 0.1625 0.19375
0 0.33828125000000003 0.91875 0.1609375 0.1625
0 0.5171875 0.7114583333333333 0.18125000000000002 0.20208333333333334
0 0.07500000000000001 0.09791666666666667 0.146875 0.19166666666666665
0 0.72421875 0.6208333333333333 0.16718750000000002 0.2583333333333333
0 0.63046875 0.11666666666666667 0.1703125 0.22916666666666666
0 0.9390625 0.26979166666666665 0.12187500000000001 0.24375
0 0.89765625 0.48541666666666666 0.1546875 0.24583333333333332
0 0.2609375 0.47291666666666665 0.184375 0.24166666666666667
