0 0.31562500000000004 0.43124999999999997 0.19375 0.19166666666666665
0 0.6335937500000001 0.684375 0.1421875 0.18958333333333333
0 0.7718750000000001 0.75 0.203125 0.24166666666666667
0 0.8984375 0.5822916666666667 0.16875 0.20208333333333334
0 0.71875 0.43124999999999997 0.21250000000000002 0.225
0 0.7109375 0.21875 0.146875 0.20416666666666666
0 0.6546875000000001 0.103125 0.146875 0.20208333333333334
0 0.9265625000000001 0.20208333333333334 0.146875 0.20416666666666666
0 0.35859375000000004 0.09791666666666667 0.1765625 0.19166666666666665
0 0.17265625 0.07604166666666666 0.1546875 0.14791666666666667
0 0.05234375 0.15208333333333332 0.1015625 0.2
