0 0.42734375 0.275 0.1859375 0.2125
0 0.58984375 0.21562499999999998 0.1421875 0.19791666666666666
0 0.6117187500000001 0.42604166666666665 0.1421875 0.19791666666666666
0 0.7195312500000001 0.6010416666666667 0.1421875 0.19791666666666666
0 0.3359375 0.33541666666666664 0.125 0.16666666666666666
0 0.77734375 0.9083333333333333 0.1546875 0.18333333333333332
0 0.49140625000000004 0.9041666666666667 0.1796875 0.19166666666666665
0 0.09921875000000001 0.9041666666666667 0.1796875 0.19166666666666665
0 0.8617187500000001 0.209375 0.1796875 0.20625
0 0.6898437500000001 0.084375 0.2078125 0.16458333333333333
0 0.92890625 0.8145833333333333 0.1421875 0.2125
0 0.9460937500000001 0.55625 0.1078125 0.275
0 0.15000000000000002 0.303125 0.178125 0.25625
0 0.1234375 0.7072916666666667 0.178125 0.25625
