0 0.49140625000000004 0.13958333333333334 0.18281250000000002 0.2125
0 0.7171875000000001 0.18020833333333333 0.146875 0.20625
0 0.25234375000000003 0.11354166666666667 0.1453125 0.18541666666666667
0 0.89609375 0.44687499999999997 0.18281250000000002 0.29375
0 0.66953125 0.6052083333333333 0.17343750000000002 0.22291666666666665
0 0.87109375 0.20520833333333333 0.17343750000000002 0.22291666666666665
0 0.14765625000000002 0.30416666666666664 0.1546875 0.21666666666666667
0 0.8132812500000001 0.7677083333333333 0.17343750000000002 0.22291666666666665
0 0.33828125000000003 0.740625 0.17343750000000002 0.22291666666666665
0 0.58984375 0.8010416666666667 0.17343750000000002 0.22291666666666665
0 0.2734375 0.9083333333333333 0.19062500000000002 0.18333333333333332
0 0.84765625 0.93125 0.18906250000000002 0.1375
