0 0.21875 0.29583333333333334 0.15625 0.2125
0 0.5015625 0.35833333333333334 0.15625 0.2125
0 0.8625 0.09375 0.16562500000000002 0.18333333333333332
0 0.7523437500000001 0.3177083333333333 0.13593750000000002 0.2520833333333333
0 0.6531250000000001 0.6479166666666667 0.15625 0.2125
0 0.7125 0.825 0.16562500000000002 0.22916666666666666
0 0.3953125 0.5166666666666666 0.17500000000000002 0.275
0 0.2390625 0.5135416666666667 0.1375 0.20208333333333334
0 0.12578125 0.765625 0.1765625 0.23541666666666666
0 0.94296875 0.6583333333333333 0.11406250000000001 0.2708333333333333
0 0.6828125 0.3541666666666667 0.15625 0.2125
0 0.84296875 0.7760416666666666 0.1640625 0.21041666666666667
