0 0.7734375 0.18645833333333334 0.15625 0.20208333333333334
0 0.8140625 0.5385416666666667 0.15625 0.20208333333333334
0 0.07890625000000001 0.10208333333333333 0.1546875 0.2
0 0.08281250000000001 0.371875 0.15625 0.20208333333333334
0 0.1765625 0.6572916666666666 0.15625 0.20208333333333334
0 0.6203125 0.778125 0.178125 0.20625
0 0.9085937500000001 0.575 0.17343750000000002 0.26666666666666666
0 0.48125 0.6229166666666667 0.1625 0.175
0 0.6039062500000001 0.35833333333333334 0.15781250000000002 0.1875
0 0.63046875 0.9052083333333333 0.15781250000000002 0.18958333333333333
