0 0.89609375 0.45208333333333334 0.1390625 0.17916666666666667
0 0.6218750000000001 0.7260416666666667 0.15937500000000002 0.24375
0 0.08125 0.8166666666666667 0.15000000000000002 0.1875
0 0.70234375 0.928125 0.2078125 0.13541666666666666
0 0.4890625 0.9072916666666666 0.184375 0.18541666666666667
0 0.46796875000000004 0.7270833333333333 0.16718750000000002 0.21666666666666667
0 0.6484375 0.109375 0.21250000000000002 0.21458333333333332
0 0.8757812500000001 0.8510416666666667 0.17343750000000002 0.19375
0 0.1328125 0.16770833333333332 0.1375 0.28541666666666665
0 0.59296875 0.34375 0.1921875 0.2
0 0.13828125 0.5885416666666666 0.18281250000000002 0.19375
0 0.215625 0.7645833333333333 0.16875 0.19166666666666665
